cloud0_-10.jpg
 15.0000  12.0000 -10494.0000
-15.0000 -12.0000 8298.0000
 12.0000 -14.0000 1140.0000
cloud0_-20.jpg
 17.0000   5.0000 -8325.0000
 15.0000   4.0000 -5465.0000
  5.0000 -15.0000 4005.0000
cloud0_-30.jpg
  1.0000 -18.0000 7383.0000
-19.0000  -1.0000 7566.0000
 12.0000   0.0000 -3216.0000
cloud0_-40.jpg
-17.0000   0.0000 6902.0000
  0.0000 -16.0000 7872.0000
-19.0000   1.0000 5211.0000
cloud0_-50.jpg
-20.0000   0.0000 8560.0000
-16.0000   0.0000 4992.0000
  0.0000 -14.0000 7462.0000
cloud0_0.jpg
-17.0000   8.0000 4467.0000
-17.0000   8.0000 2323.0000
  7.0000  13.0000 -6018.0000
cloud0_10.jpg
 19.0000  -2.0000 -6866.0000
 15.0000  -2.0000 -3461.0000
 -2.0000 -12.0000 3590.0000
cloud0_20.jpg
 11.0000   0.0000 -4400.0000
-13.0000   0.0000 3679.0000
-18.0000  -1.0000 7450.0000
cloud0_30.jpg
 20.0000   0.0000 -5920.0000
 17.0000   0.0000 -7021.0000
  0.0000 -20.0000 6240.0000
cloud0_40.jpg
-17.0000   0.0000 5253.0000
 14.0000   0.0000 -5950.0000
  2.0000 -14.0000 3230.0000
cloud1_20.jpg
-13.0000   0.0000 5265.0000
  0.0000  14.0000 -4242.0000
  0.0000  11.0000 -4906.0000
cloud1_30.jpg
 11.0000   0.0000 -4356.0000
  0.0000  11.0000 -2585.0000
  0.0000 -13.0000 2951.0000
map0.jpg
 15.0000  -2.0000 -6711.0000
  1.0000  10.0000 -7282.0000
 -2.0000 -17.0000 14644.0000
map1.jpg
  6.0000  19.0000 -13743.0000
-10.0000   3.0000 3858.0000
 12.0000  -4.0000 -4056.0000
